labels 1 6 9 13
1 0.95278 0.0105205 0.00359422 0.0331051
1 0.957267 0.0125261 0.00458476 0.0256225
1 0.969848 0.00823194 0.00327536 0.0186444
1 0.859809 0.0545161 0.00811409 0.0775607
1 0.982358 0.00471969 0.00221822 0.0107037
6 0.00310682 0.811644 0.124906 0.0603434
6 0.00912265 0.976309 0.0122416 0.00232662
6 0.00981858 0.908673 0.0661226 0.015386
6 0.0098815 0.935364 0.040814 0.0139401
6 0.00192529 0.928616 0.0671862 0.00227232
9 0.000993853 0.00147575 0.994744 0.00278613
9 0.00151137 0.00285713 0.993066 0.00256538
9 0.00156918 0.00266244 0.993901 0.00186694
9 0.000567216 0.00078694 0.996459 0.00218712
9 0.00114303 0.00174118 0.992912 0.00420336
13 0.000731788 0.000102685 0.000448041 0.998717
13 0.0222072 0.0253805 0.0369423 0.91547
13 0.000361019 0.0011315 0.0238633 0.974644
13 0.000160549 0.000204046 0.00267729 0.996958
13 0.00017012 0.000374705 0.00797781 0.991477
1 0.958451 0.00991141 0.00207242 0.0295657
1 0.959348 0.00692784 0.00176542 0.0319586
1 0.972416 0.00516889 0.00224194 0.020173
1 0.967069 0.00823725 0.00151287 0.023181
1 0.981091 0.00372705 0.00109918 0.0140832
6 0.152416 0.831069 0.0118611 0.00465379
6 0.015395 0.973048 0.00600365 0.00555318
6 0.0315998 0.962104 0.00474102 0.00155503
6 0.0413843 0.953478 0.00420301 0.000934975
6 0.00247267 0.991215 0.0059973 0.000314894
6 0.0116628 0.512684 0.436504 0.0391493
9 0.0223719 0.0656152 0.895543 0.0164704
9 0.00296561 0.00913539 0.97588 0.0120194
9 0.00565534 0.00868211 0.980722 0.00494054
9 0.00649723 0.0223607 0.961536 0.00960595
13 0.00016886 0.000186273 0.00430086 0.995344
13 1.38904e-006 1.26696e-006 1.74959e-006 0.999996
13 0.000123203 8.23754e-005 0.00147283 0.998322
13 0.000250556 7.77477e-005 0.00245976 0.997212
13 0.000854029 0.00801562 0.0552444 0.935886
1 0.983624 0.00489212 0.00331346 0.00817041
1 0.976845 0.00990585 0.00369133 0.00955807
1 0.983451 0.00362667 0.0039526 0.00896924
1 0.974327 0.0103194 0.0042584 0.0110951
1 0.95015 0.0166302 0.0150307 0.0181889
6 0.00139818 0.992452 0.00514504 0.001005
6 0.00289302 0.943465 0.0374734 0.0161686
6 0.00274586 0.972775 0.0192208 0.00525789
6 0.00520942 0.98364 0.00909517 0.00205572
6 0.00308183 0.993003 0.00288581 0.00102981
9 0.00547525 0.351144 0.601646 0.041735
9 0.0013369 0.0182376 0.976667 0.00375798
9 0.000486303 0.00342934 0.992965 0.00311928
9 0.000527674 0.0037529 0.993533 0.00218659
9 0.00452504 0.18498 0.644917 0.165578
13 0.306181 0.150003 0.0155987 0.528217
13 0.00228509 0.0189595 0.0208256 0.95793
13 0.00410444 0.00680813 0.00139954 0.987688
13 0.00104942 0.00149664 0.00765931 0.989795
13 0.000706411 0.000608117 0.0035948 0.995091
1 0.987337 0.00387696 0.00257184 0.00621449
1 0.946932 0.0226878 0.00811275 0.0222673
1 0.978367 0.00723651 0.00667534 0.00772133
1 0.960044 0.0205296 0.00779515 0.0116312
1 0.97382 0.0104093 0.00572908 0.010042
6 0.0247049 0.951413 0.00599221 0.0178901
6 0.00108705 0.948317 0.0177195 0.0328768
6 0.00142499 0.99126 0.00566176 0.00165344
6 0.00224424 0.80094 0.00748323 0.189332
6 0.00394196 0.987232 0.00199167 0.0068347
9 0.107976 0.331471 0.539365 0.021188
9 0.00888473 0.0159618 0.966743 0.00840994
9 0.00254012 0.00781185 0.988375 0.00127348
9 0.000888907 0.00213695 0.992007 0.00496738
9 0.000748897 0.000645234 0.996478 0.0021282
13 0.00119789 0.00174684 0.021674 0.975381
13 0.00106698 0.00139782 0.0160448 0.98149
13 0.00137686 0.00332218 0.0433465 0.951954
13 0.00118531 0.00264838 0.0302007 0.965966
13 0.000663947 0.000762484 0.00940318 0.98917
1 0.980774 0.00402288 0.00261568 0.012587
1 0.978983 0.00379285 0.00153481 0.0156896
1 0.983652 0.00317893 0.00235924 0.0108098
1 0.984147 0.00288303 0.00300434 0.00996563
1 0.968029 0.0067997 0.0038631 0.0213085
6 0.0101605 0.901193 0.0341382 0.0545082
6 0.072569 0.91472 0.00654176 0.00616951
6 0.0106536 0.978445 0.00665662 0.00424484
6 0.00318783 0.894324 0.0921947 0.0102934
6 0.00319735 0.809779 0.166211 0.0208119
9 0.00148868 0.00104927 0.997052 0.000410195
9 0.000791058 0.000557731 0.997883 0.000768576
9 0.000708261 0.000336262 0.998781 0.000174919
9 0.00116852 0.000457087 0.998229 0.000145328
9 0.00141159 0.000450354 0.997966 0.000172262
13 0.00100572 0.000791215 0.00506606 0.993137
13 0.00155994 0.000759961 0.00299061 0.994689
13 0.00583215 0.00123879 0.00556215 0.987367
13 0.00395517 0.0016957 0.00592416 0.988425
13 0.000946405 0.000655737 0.00444863 0.993949
1 0.988534 0.00249038 0.00187436 0.00710096
1 0.991815 0.00178824 0.00165855 0.00473785
1 0.979396 0.00993673 0.00353181 0.00713556
1 0.961334 0.0194128 0.00747425 0.0117792
1 0.924063 0.0345481 0.0235682 0.0178203
6 0.00242803 0.987365 0.00312161 0.00708556
6 0.00127762 0.985927 0.00834342 0.0044516
6 0.00759648 0.965287 0.00543361 0.0216829
6 0.00168025 0.989659 0.00473143 0.00392929
6 0.00171403 0.981139 0.00730832 0.00983895
9 0.000725482 0.00072538 0.997382 0.00116711
9 0.00101963 0.00160043 0.993196 0.00418423
9 0.0021331 0.00378197 0.988104 0.00598095
9 0.0020278 0.00248661 0.992052 0.00343393
9 0.00419709 0.00936837 0.979895 0.00653905
13 0.00108871 0.00181265 0.0161581 0.98094
13 0.000853051 0.00169683 0.0142697 0.98318
13 0.00290493 0.00402599 0.0386202 0.954449
13 0.00369349 0.00219811 0.00110311 0.993005
13 3.95637e-007 4.15185e-007 5.78298e-007 0.999999
1 0.9875 0.00284742 0.00429139 0.00536102
1 0.86287 0.0978418 0.0248319 0.0144566
1 0.886209 0.0763264 0.0198688 0.0175962
1 0.899057 0.0546156 0.0315957 0.0147314
1 0.902575 0.0772186 0.0111737 0.00903242
6 0.0656773 0.904647 0.0277384 0.00193748
6 0.0139002 0.93184 0.0476117 0.0066481
6 0.130833 0.803062 0.0630395 0.00306613
6 0.0217566 0.924671 0.050319 0.00325304
6 0.277496 0.69613 0.0215073 0.00486678
9 0.00790103 0.0146558 0.970803 0.00664058
9 0.0050721 0.00666649 0.987043 0.0012185
9 0.00945036 0.0289604 0.958773 0.00281643
9 0.0126804 0.0290286 0.956568 0.0017231
9 0.00117917 0.003562 0.984397 0.0108616
13 0.00308739 0.00505474 0.00130126 0.990557
13 0.000347332 0.000363481 0.0044935 0.994796
13 0.000389409 0.000788422 0.0136486 0.985174
13 0.00780657 0.0178373 0.00175385 0.972602
13 0.000293388 0.000776685 0.0113235 0.987606
1 0.955102 0.0178106 0.00240068 0.0246868
1 0.983957 0.00334952 0.0022572 0.010436
1 0.962341 0.00949379 0.00349116 0.0246737
1 0.968832 0.0097296 0.00483138 0.0166073
1 0.979468 0.00594141 0.00378895 0.0108018
6 0.00493673 0.878262 0.10354 0.0132618
6 0.0115757 0.911051 0.0436972 0.0336764
6 0.00615574 0.93616 0.0257567 0.0319274
6 0.00243653 0.984627 0.00883154 0.00410493
6 0.0075419 0.949402 0.0273969 0.0156589
9 0.00251482 0.00756008 0.917507 0.0724176
9 0.0103281 0.0290297 0.94705 0.0135922
9 0.0195657 0.0265304 0.916531 0.037373
9 0.00881512 0.0392907 0.920405 0.0314897
9 0.00966157 0.00701344 0.952994 0.0303306
13 0.000215493 0.000338412 0.00230222 0.997144
13 0.0081144 0.0203356 0.00200698 0.969543
13 0.000713842 0.000442987 0.00326504 0.995578
13 0.0018815 0.0153734 0.00100797 0.981737
13 0.00277103 0.00838438 0.00105293 0.987792
1 0.925354 0.0428392 0.00991239 0.0218947
1 0.985563 0.00425188 0.003151 0.00703433
1 0.976028 0.00704818 0.0066654 0.0102582
1 0.980813 0.00605456 0.00579954 0.00733269
1 0.952962 0.0219237 0.0097919 0.0153228
13 0.00279517 0.354347 0.0396172 0.603241
6 0.00653765 0.931062 0.0489092 0.0134916
6 0.0125655 0.931318 0.0438009 0.0123159
6 0.0472315 0.872149 0.0186087 0.062011
6 0.00356222 0.820571 0.0356005 0.140266
9 0.000888781 0.000971812 0.99785 0.000289806
9 0.00101137 0.000850075 0.997544 0.000594808
9 0.00106338 0.000832922 0.997378 0.000725704
9 0.000964623 0.000698406 0.997425 0.000912271
9 0.00119834 0.000940475 0.997379 0.000482097
13 1.27508e-006 1.24526e-006 1.71927e-006 0.999996
13 0.000639124 0.000123683 0.00163997 0.997597
13 7.2814e-007 6.82733e-007 9.40516e-007 0.999998
13 1.05715e-006 1.09507e-006 1.50073e-006 0.999996
13 0.000237503 0.000254503 0.0035819 0.995926
1 0.973651 0.00520042 0.00195593 0.0191929
1 0.984438 0.00363903 0.000973122 0.01095
1 0.973779 0.00501885 0.000958563 0.0202438
1 0.974645 0.00561604 0.00130637 0.0184329
1 0.980376 0.0044369 0.00140206 0.0137852
6 0.0115032 0.96691 0.00592347 0.0156634
6 0.00253642 0.979314 0.00840735 0.00974264
6 0.00818461 0.976793 0.00594285 0.00907964
6 0.00283853 0.896432 0.0387651 0.0619643
6 0.00217412 0.939317 0.0342351 0.0242735
9 0.00412278 0.0132085 0.96937 0.0132985
9 0.0327647 0.0971281 0.851613 0.0184943
9 0.0593136 0.202717 0.722136 0.0158326
9 0.0138902 0.0491903 0.926192 0.0107272
9 0.00805509 0.008213 0.979599 0.00413338
13 0.000941544 0.0107469 0.0112164 0.977095
13 0.00152465 0.021962 0.0185198 0.957994
13 0.0063404 0.0384462 0.01382 0.941393
13 0.00442308 0.0209087 0.0111523 0.963516
13 0.00676703 0.0187265 0.00284422 0.971662
1 0.980184 0.00325344 0.00506571 0.0114973
1 0.958345 0.00767673 0.00528178 0.0286967
1 0.912013 0.0381406 0.0335599 0.016286
1 0.866845 0.0723011 0.0418437 0.0190104
1 0.686005 0.0357093 0.266741 0.0115447
6 0.00599919 0.980494 0.0028258 0.0106814
6 0.00557134 0.987792 0.00288908 0.00374722
6 0.00454362 0.940494 0.0190454 0.0359165
6 0.00672609 0.981775 0.00277807 0.00872096
6 0.00895612 0.979465 0.00216092 0.00941785
9 0.00100891 0.0009833 0.99694 0.00106761
9 0.0034663 0.00594256 0.988765 0.00182612
9 0.000766069 0.00121675 0.995019 0.00299824
9 0.00104895 0.00149626 0.992624 0.00483091
9 0.00113135 0.00185203 0.994288 0.00272862
13 0.000245538 9.22396e-005 0.0015895 0.998073
13 0.120349 0.0444039 0.00936948 0.825877
13 0.0098105 0.00353772 0.000931858 0.98572
13 0.0330948 0.0193693 0.00489764 0.942638
13 0.0801299 0.00785773 0.00564457 0.906368
1 0.787233 0.179249 0.0228412 0.0106766
1 0.977532 0.0115787 0.00450028 0.00638897
1 0.937281 0.0466512 0.0075202 0.00854746
1 0.958253 0.0254073 0.0089923 0.00734788
1 0.961864 0.0218467 0.00837684 0.00791262
6 0.00170562 0.995301 0.00277322 0.00021978
6 0.003983 0.96316 0.0321923 0.000664589
6 0.00636632 0.985575 0.00778917 0.00026998
9 0.00160949 0.0134082 0.982526 0.00245658
6 0.00324183 0.987734 0.00866277 0.000361077
9 0.000801122 0.00496558 0.961752 0.0324817
9 0.000951486 0.0048077 0.98792 0.00632085
9 0.000995065 0.00420771 0.983514 0.0112833
9 0.00101366 0.00297714 0.984086 0.0119229
9 0.00101408 0.00128999 0.996075 0.00162127
13 0.0010856 0.00100061 0.00582449 0.992089
13 0.0011369 0.00115437 0.00761294 0.990096
13 0.000603833 0.000216816 0.00218224 0.996997
13 0.000876074 0.00132123 0.0138179 0.983985
13 0.000477661 0.00073324 0.00963599 0.989153
1 0.941128 0.0280044 0.00780416 0.0230638
1 0.901647 0.0631404 0.0109038 0.0243085
1 0.94376 0.0300806 0.00990086 0.0162583
1 0.944432 0.0230094 0.0115185 0.0210399
1 0.956747 0.0169891 0.00434804 0.0219161
6 0.00511221 0.978765 0.0146798 0.00144341
6 0.0053175 0.986756 0.00545257 0.00247432
6 0.00198779 0.993019 0.00384166 0.00115175
6 0.0133591 0.983286 0.00182336 0.00153197
6 0.00294817 0.992291 0.00413159 0.000629
9 0.00252933 0.028184 0.959329 0.00995812
9 0.000640928 0.0133572 0.973529 0.0124725
9 0.00458091 0.047354 0.93716 0.0109051
9 0.000602172 0.0129168 0.981614 0.00486653
9 0.00174234 0.0283682 0.96652 0.00336925
13 0.00478378 0.188237 0.018581 0.788398
13 0.000214831 0.00969493 0.00190797 0.988182
13 0.174677 0.196732 0.0136921 0.6149
13 0.00341985 0.0992942 0.0248033 0.872483
13 0.00281975 0.0293509 0.0250041 0.942825
1 0.994143 0.00208138 0.000686824 0.00308904
1 0.994088 0.00162066 0.00125744 0.00303377
1 0.979687 0.0109294 0.0012483 0.0081357
1 0.989254 0.00616764 0.00142819 0.00315015
1 0.996614 0.000662548 0.000644826 0.0020783
6 0.0028426 0.993878 0.00160206 0.00167768
6 0.00130131 0.994027 0.00362269 0.00104877
6 0.0121495 0.984155 0.00215481 0.00154107
6 0.00786344 0.986891 0.0010993 0.0041464
6 0.150324 0.825037 0.00447548 0.0201632
9 0.00192188 0.00197963 0.989827 0.00627129
9 0.00148495 0.000936184 0.996524 0.00105453
9 0.0018182 0.00157713 0.9933 0.0033051
9 0.00155882 0.00106234 0.996431 0.000947733
9 0.00333693 0.00314973 0.986952 0.00656118
13 0.000713843 0.00178598 0.0209404 0.97656
13 0.000584491 0.0009414 0.0181271 0.980347
13 0.000405899 0.000536322 0.0120264 0.987031
13 0.00621061 0.031262 0.0060212 0.956506
13 0.00408698 0.00687071 0.170059 0.818983
1 0.975935 0.00747834 0.00158259 0.0150037
1 0.954476 0.0135712 0.00250759 0.0294454
1 0.955106 0.0274771 0.00623042 0.0111861
1 0.976121 0.0107931 0.002528 0.0105582
1 0.957553 0.0292865 0.00488768 0.00827235
6 0.0515937 0.859398 0.0170868 0.0719217
6 0.00289621 0.989957 0.00461828 0.00252876
6 0.00414593 0.980234 0.00691032 0.00870973
6 0.0025575 0.960817 0.0230552 0.0135705
6 0.0530636 0.92983 0.0135807 0.00352529
9 0.0667152 0.287655 0.624886 0.0207441
9 0.0105268 0.0416585 0.944008 0.00380655
9 0.0028128 0.00924063 0.984953 0.00299307
9 0.00277913 0.00869325 0.987211 0.00131649
9 0.00484586 0.0651907 0.917887 0.0120766
13 0.00172757 0.0299807 0.00566081 0.962631
13 0.00276231 0.0708171 0.0307052 0.895715
13 0.000649189 0.0268709 0.0232061 0.949274
13 0.000348458 0.0150681 0.00846552 0.976118
13 0.000624336 0.0162086 0.0117293 0.971438
1 0.975345 0.0102493 0.00299535 0.0114099
1 0.957836 0.0235487 0.0131517 0.00546376
1 0.96526 0.0184205 0.012755 0.00356412
1 0.988148 0.00320604 0.00407186 0.0045743
1 0.930407 0.042807 0.00743108 0.019355
6 0.00570312 0.989159 0.00260104 0.00253708
6 0.00724673 0.984911 0.00514056 0.00270221
6 0.0142422 0.957011 0.0214414 0.00730575
6 0.00196902 0.814061 0.173521 0.0104485
6 0.00176325 0.993172 0.00412999 0.000934535
9 0.0141987 0.0548215 0.922248 0.00873206
9 0.002383 0.0331232 0.95977 0.00472392
9 0.0041867 0.0422323 0.951772 0.00180887
9 0.00392243 0.0701998 0.839847 0.0860307
9 0.00275995 0.049878 0.94604 0.00132221
13 0.00025683 0.000953877 0.00539855 0.993391
13 0.000148892 0.000610068 0.0061653 0.993076
13 0.000262113 0.00298567 0.00921846 0.987534
13 0.00133487 0.0576772 0.0105966 0.930391
13 0.0027576 0.0485907 0.00590716 0.942745
